2 processadores
100	0,037
500	1,935
1000	18,931/15,353
1500 	


16 processadores
100	0,017
500	1,249
1000	57,898/13,264/10,262
1500	36,419


32 processadores
100	10.000x 	0,034 s/0,021
200 	40.000x 	0,166 s
400 	160.000x 	1,047 s
500	250.000x	1,540 s
800 	640.000x 	8,768 s
1000  	1.000.000x 	17,320 s/13,475
1200	1.440.000x	31,432 s
1500	2.250.000x	192,224 s/47,675

64 processadores
100	1,197
500	10,378
1000	55.649/74,615/47,203
1500	223,581


128 processadores
100 	7,207
500	36,668
1000	56.395/273.049/296,648
